% EPA model
delays_EPA = [0, 30, 70, 90, 110, 190, 410]*10−9;
pdp_EPA = [0.0, -1.0, -2.0, -3.0, -8.0, -17.2, -20.8];
% EVA model
delays_EVA = [0, 30, 150, 310, 370, 710, 1090, 1730, 2510]*10−9;
pdp_EVA = [0.0, -1.5, -1.4, -3.6, -0.6, -9.1, -7.0, -12.0, -16.9];
% ETU model
delays_ETU = [0, 50, 120, 200, 230, 500, 1600, 2300, 5000]*10−9;
pdp_ETU = [-1.0, -1.0, -1.0, 0.0, 0.0, 0.0, -3.0, -5.0, -7.0];